0.0 0.0 0.0
0.0 0.5 0.5
0.0 -0.5 0.5
-0.5 0.0 0.5
0.5 0.0 0.5
-0.5 0.5 0.7071067811865476
-0.5 -0.5 0.7071067811865476
0.5 0.5 0.7071067811865476
0.5 -0.5 0.7071067811865476
0.0 1.0 1.0
0.0 -1.0 1.0
-1.0 0.0 1.0
1.0 0.0 1.0
-0.5 1.0 1.118033988749895
-0.5 -1.0 1.118033988749895
0.5 1.0 1.118033988749895
0.5 -1.0 1.118033988749895
1.0 -0.5 1.118033988749895
-1.0 -0.5 1.118033988749895
1.0 0.5 1.118033988749895
-1.0 0.5 1.118033988749895
-1.0 1.0 1.4142135623730951
-1.0 -1.0 1.4142135623730951
1.0 1.0 1.4142135623730951
1.0 -1.0 1.4142135623730951
0.0 1.5 1.5
0.0 -1.5 1.5
-1.5 0.0 1.5
1.5 0.0 1.5
-0.5 1.5 1.5811388300841898
-0.5 -1.5 1.5811388300841898
0.5 1.5 1.5811388300841898
0.5 -1.5 1.5811388300841898
1.5 -0.5 1.5811388300841898
-1.5 -0.5 1.5811388300841898
1.5 0.5 1.5811388300841898
-1.5 0.5 1.5811388300841898
-1.0 1.5 1.8027756377319946
-1.0 -1.5 1.8027756377319946
1.0 1.5 1.8027756377319946
1.0 -1.5 1.8027756377319946
